# oST version 5.0 parameters


[image]

width
640

height
480

[webcam]

camera matrix
810.431598 0.000000 329.535170
0.000000 811.123087 239.963609
0.000000 0.000000 1.000000

distortion
-0.020865 0.029954 0.002187 0.000969 0.000000

rectification
1.000000 0.000000 0.000000
0.000000 1.000000 0.000000
0.000000 0.000000 1.000000

projection
807.489014 0.000000 329.471635 0.000000
0.000000 808.202454 239.953385 0.000000
0.000000 0.000000 1.000000 0.000000
